4 
54 
104 
154 
204 
254 
304 
354 
404 
454 
504 
554 
604 
654 
704 
754 
804 
854 
904 
954 
1004 
1054 
1104 
1154 
1204 
1254 
1304 
1354 
1404 
1454 
1504 
1554 
1604 
1654 
1704 
1754 
1804 
1854 
1904 
1954 
2004 
2054 
2104 
2154 
2204 
2254 
2304 
2354 
2404 
2454 
2504 
2554 
2604 
2654 
2704 
2754 
2804 
2854 
2904 
2954 
3004 
3054 
3104 
3154 
3204 
3254 
3304 
3354 
3404 
3454 
3504 
3554 
3604 
3654 
3704 
3754 
3804 
3854 
3904 
3954 
4004 
4054 
4104 
4154 
4204 
4254 
4304 
4354 
4404 
4454 
4504 
4554 
4604 
4654 
4704 
4754 
4804 
4854 
4904 
4954 
5004 
5054 
5104 
5154 
5204 
5254 
5304 
5354 
5404 
5454 
5504 
5554 
5604 
5654 
5704 
5754 
5804 
5854 
5904 
5954 
6004 
6054 
6104 
6154 
6204 
6254 
6304 
6354 
6404 
6454 
6504 
6554 
6604 
6654 
6704 
6754 
6804 
6854 
6904 
6954 
7004 
7054 
7104 
7154 
7204 
7254 
7304 
7354 
7404 
7454 
7504 
7554 
7604 
7654 
7704 
7754 
7804 
7854 
7904 
7954 
8004 
8054 
8104 
8154 
8204 
8254 
8304 
8354 
8404 
8454 
8504 
8554 
8604 
8654 
8704 
8754 
8804 
8854 
8904 
8954 
9004 
9054 
9104 
9154 
9204 
9254 
9304 
9354 
9404 
9454 
9504 
9554 
9604 
9654 
9704 
9754 
9804 
9854 
9904 
9954 
5,0.00710648
55,0.00270431
105,0.00548073
155,0.00120331
205,0.00145599
255,0.00154029
305,0.0023118
355,0.00215519
405,0.00225267
455,0.00155191
505,0.00226912
555,0.00165684
605,0.0015011
655,0.00273821
705,0.00181412
755,0.00155017
805,0.00132333
855,0.00119976
905,0.00199925
955,0.0016038
1005,0.00215879
1055,0.00159646
1105,0.00182894
1155,0.00193474
1205,0.00218802
1255,0.00178872
1305,0.0016971
1355,0.00228336
1405,0.00156212
1455,0.00137844
1505,0.00112608
1555,0.00114166
1605,0.00258823
1655,0.00325519
1705,0.00341307
1755,0.00333515
1805,0.00333808
1855,0.00348169
1905,0.00273348
1955,0.00210624
2005,0.00620194
2055,0.00278441
2105,0.00158761
2155,0.00152169
2205,0.00238344
2255,0.00224565
2305,0.0022669
2355,0.00198381
2405,0.00209786
2455,0.00395889
2505,0.00183541
2555,0.00199144
2605,0.00230817
2655,0.00323585
2705,0.00222193
2755,0.00771351
2805,0.00369314
2855,0.00264014
2905,0.00183907
2955,0.00274526
3005,0.00688161
3055,0.00245463
3105,0.00280433
3155,0.00440543
3205,0.00204485
3255,0.00183958
3305,0.00427169
3355,0.00251345
3405,0.00302857
3455,0.00163086
3505,0.00167881
3555,0.00223005
3605,0.00267101
3655,0.00523594
3705,0.00331811
3755,0.00348934
3805,0.0021467
3855,0.00645644
3905,0.00317178
3955,0.0144135
4005,0.00201856
4055,0.00216604
4105,0.00392984
4155,0.00262851
4205,0.00178405
4255,0.00206007
4305,0.00277856
4355,0.00335547
4405,0.00267607
4455,0.00265726
4505,0.00291057
4555,0.00238691
4605,0.00219881
4655,0.00468491
4705,0.00628415
4755,0.00435673
4805,0.00270493
4855,0.00229295
4905,0.00285989
4955,0.00213985
5005,0.00262069
5055,0.00498074
5105,0.00294165
5155,0.00275436
5205,0.00581024
5255,0.00268956
5305,0.00278399
5355,0.00253398
5405,0.00254326
5455,0.00252625
5505,0.00277801
5555,0.00219725
5605,0.00226585
5655,0.00203664
5705,0.00243276
5755,0.00217658
5805,0.00223058
5855,0.00228627
5905,0.0173849
5955,0.00589441
6005,0.00384405
6055,0.00435808
6105,0.00495734
6155,0.00408773
6205,0.00342143
6255,0.00280758
6305,0.00342452
6355,0.00266245
6405,0.00253313
6455,0.00378209
6505,0.00381825
6555,0.00285269
6605,0.0029246
6655,0.00259428
6705,0.00278354
6755,0.00282222
6805,0.00247892
6855,0.00269474
6905,0.00249281
6955,0.00272202
7005,0.00308422
7055,0.00470422
7105,0.00329627
7155,0.00301433
7205,0.00417699
7255,0.00377303
7305,0.00432017
7355,0.00392093
7405,0.00333824
7455,0.0055227
7505,0.00498397
7555,0.00754728
7605,0.00334039
7655,0.00606245
7705,0.0052389
7755,0.00643716
7805,0.00307782
7855,0.00930843
7905,0.00558324
7955,0.00297125
8005,0.00683292
8055,0.00600407
8105,0.00613831
8155,0.00328546
8205,0.00444603
8255,0.00423907
8305,0.00405606
8355,0.00605582
8405,0.00562523
8455,0.00696599
8505,0.00525555
8555,0.0035252
8605,0.00285463
8655,0.00477046
8705,0.00411711
8755,0.00619681
8805,0.00297406
8855,0.00538377
8905,0.00781426
8955,0.00552452
9005,0.00317401
9055,0.00738094
9105,0.00346573
9155,0.00420345
9205,0.00599187
9255,0.00454819
9305,0.00554055
9355,0.00456195
9405,0.00647231
9455,0.00438091
9505,0.00693999
9555,0.00307081
9605,0.00674697
9655,0.00434754
9705,0.008115
9755,0.00576712
9805,0.00614433
9855,0.00661312
9905,0.00546444
9955,0.00359438
