100000 1
200000 3
300000 5.4
400000 6
500000 8
600000 10
700000 11
800000 13
900000 15
1000000 16
1100000 18
1200000 19.6
1300000 21
1400000 23.2
1500000 24.6
1600000 26
1700000 28
1800000 29.8
1900000 31
2000000 33
2100000 34.6
2200000 36.2
2300000 37.8
2400000 39.2
2500000 41
2600000 42.6
2700000 44.4
2800000 48.2
2900000 47.6
3000000 49.4
3100000 51
3200000 52.6
3300000 54.2
3400000 56
3500000 58
3600000 59
3700000 61
3800000 62.6
3900000 64
4000000 66
4100000 67.8
4200000 69.2
4300000 70.8
4400000 72.2
4500000 74.2
4600000 76.2
4700000 77.2
4800000 79
4900000 80.8
5000000 82.4
5100000 84.4
5200000 85.6
5300000 87.8
5400000 89.6
5500000 90.8
5600000 92.6
5700000 94
5800000 95.6
5900000 97.6
6000000 99
6100000 101
6200000 102.2
6300000 104
6400000 106
6500000 107
6600000 109
6700000 110.8
6800000 112
6900000 114
7000000 116
7100000 117.2
7200000 119
7300000 120.8
7400000 122.4
7500000 124
7600000 125.8
7700000 127
7800000 129.4
7900000 130.2
8000000 132.4
8100000 134
8200000 135.6
8300000 137.2
8400000 139
8500000 140.2
8600000 142
8700000 144.2
8800000 145.8
8900000 147
9000000 148.6
9100000 150.6
9200000 152.2
9300000 153.8
9400000 155.8
9500000 157.4
9600000 159
9700000 160.2
9800000 161.4
9900000 163.2
10000000 165.2
