100000 2
200000 5
300000 11
400000 12
500000 15
600000 19.2
700000 23
800000 27
900000 31
1000000 35.6
1100000 40.2
1200000 45
1300000 50.2
1400000 55
1500000 61
1600000 66.2
1700000 72.4
1800000 78
1900000 84.2
2000000 91
2100000 97.4
2200000 104.2
2300000 111.2
2400000 118.8
2500000 126
2600000 133.6
2700000 141.8
2800000 159
2900000 157.4
3000000 165.2
3100000 174
3200000 182.6
3300000 191.4
3400000 201.2
3500000 210
3600000 219.8
3700000 229.2
3800000 238.8
3900000 249.8
4000000 259.4
4100000 270.4
4200000 280
4300000 291.2
4400000 301.4
4500000 314.2
4600000 324.4
4700000 337
4800000 347.8
4900000 361.4
5000000 372.2
5100000 384.6
5200000 397.6
5300000 410
5400000 423.4
5500000 436.6
5600000 450.8
5700000 464.4
5800000 477.2
5900000 491.4
6000000 506.2
6100000 527.8
6200000 533.6
6300000 549
6400000 564.2
6500000 580.2
6600000 594.2
6700000 610
6800000 625
6900000 641.8
7000000 658.6
7100000 674.2
7200000 690.2
7300000 707.8
7400000 723.4
7500000 739.8
7600000 757
7700000 776
7800000 793.2
7900000 809.8
8000000 826.4
8100000 847.8
8200000 865.2
8300000 882.6
8400000 914.6
8500000 920
8600000 941
8700000 961.2
8800000 981.2
8900000 999.2
9000000 1018.8
9100000 1041.2
9200000 1060.2
9300000 1080.8
9400000 1102.2
9500000 1122.8
9600000 1144
9700000 1164.2
9800000 1185.2
9900000 1208
10000000 1229.6
