100000 2.8
200000 5.4
300000 9.4
400000 12.4
500000 16
600000 20.2
700000 24
800000 28
900000 32.2
1000000 37
1100000 42
1200000 47
1300000 52.2
1400000 57.6
1500000 62.8
1600000 68.8
1700000 75
1800000 80.8
1900000 87.4
2000000 94
2100000 101
2200000 108
2300000 115.4
2400000 123
2500000 130.2
2600000 138.2
2700000 146.4
2800000 154.6
2900000 163
3000000 171.4
3100000 180.2
3200000 189.2
3300000 198.6
3400000 208.2
3500000 219
3600000 227.6
3700000 238.8
3800000 248.4
3900000 259
4000000 270.4
4100000 282.4
4200000 292.8
4300000 304.8
4400000 316.2
4500000 329
4600000 340.6
4700000 353.4
4800000 366.4
4900000 381.8
5000000 392.4
5100000 406
5200000 418.6
5300000 433.8
5400000 447.6
5500000 461.8
5600000 475.2
5700000 498.6
5800000 508.4
5900000 521.8
6000000 536.2
6100000 554.6
6200000 569.2
6300000 589.2
6400000 603.6
6500000 618.4
6600000 638.4
6700000 651
6800000 674.8
6900000 689.2
7000000 706.2
7100000 724.4
7200000 743.8
7300000 769.8
7400000 782
7500000 802.2
7600000 827.6
7700000 848.8
7800000 864.8
7900000 885
8000000 905.6
8100000 930.6
8200000 949.6
8300000 977.2
8400000 1004.4
8500000 1019.8
8600000 1033
8700000 1055.6
8800000 1089.8
8900000 1114.2
9000000 1144.8
9100000 1159.4
9200000 1182.4
9300000 1201.4
9400000 1234.8
9500000 1265.6
9600000 1284.8
9700000 1335.8
9800000 1351.8
9900000 1386.8
10000000 1415.2
