100000 1.6
200000 3
300000 7.2
400000 7
500000 8
600000 11.2
700000 12
800000 13
900000 15
1000000 17
1100000 18.4
1200000 20
1300000 22
1400000 23.4
1500000 25.6
1600000 27
1700000 29
1800000 30.6
1900000 33.4
2000000 34
2100000 35.6
2200000 37
2300000 39
2400000 41
2500000 42.4
2600000 44
2700000 46
2800000 48.4
2900000 49
3000000 51.2
3100000 53
3200000 54.6
3300000 56
3400000 58
3500000 60
3600000 61
3700000 63
3800000 64.6
3900000 66.6
4000000 68.4
4100000 70.2
4200000 71.6
4300000 73.6
4400000 75.2
4500000 76.8
4600000 78.6
4700000 80.6
4800000 82.2
4900000 83.8
5000000 86.2
5100000 87.2
5200000 89
5300000 90.8
5400000 92
5500000 94.2
5600000 96
5700000 98
5800000 99.6
5900000 100.8
6000000 103
6100000 104.4
6200000 106
6300000 108
6400000 109.8
6500000 111.2
6600000 113
6700000 114.6
6800000 116.8
6900000 118.2
7000000 119.6
7100000 122
7200000 123.8
7300000 125
7400000 127
7500000 128.8
7600000 130.4
7700000 132
7800000 133.8
7900000 135.6
8000000 137.4
8100000 138.8
8200000 140.4
8300000 142.4
8400000 144
8500000 146
8600000 147
8700000 149.4
8800000 150.6
8900000 152.8
9000000 154.6
9100000 156.8
9200000 158
9300000 159.8
9400000 161.8
9500000 163.4
9600000 165.2
9700000 166.4
9800000 169
9900000 170.2
10000000 171.4
