100000 1
200000 1.6
300000 2.8
400000 3.6
500000 4.4
600000 5.8
700000 6.6
800000 7.2
900000 8.4
1000000 9.4
1100000 10
1200000 11
1300000 12
1400000 13.6
1500000 14
1600000 15
1700000 16.4
1800000 17.2
1900000 18
2000000 18.8
2100000 20
2200000 21.2
2300000 22
2400000 22.4
2500000 23.8
2600000 24.8
2700000 25.2
2800000 26.6
2900000 27.6
3000000 28.8
3100000 29
3200000 30.8
3300000 31
3400000 32.6
3500000 33
3600000 34.4
3700000 35.6
3800000 35.8
3900000 37.2
4000000 38.2
4100000 38.6
4200000 39.2
4300000 41.2
4400000 42.8
4500000 44.2
4600000 44
4700000 45
4800000 46.4
4900000 46.8
5000000 47.2
5100000 48.6
5200000 49.4
5300000 50.2
5400000 51.4
5500000 53.2
5600000 52.8
5700000 54.6
5800000 55.8
5900000 55
6000000 57.8
6100000 58.4
6200000 60.4
6300000 60.8
6400000 61
6500000 61.8
6600000 63.2
6700000 65.8
6800000 67.4
6900000 64.8
7000000 67.4
7100000 66.8
7200000 69.8
7300000 69.8
7400000 70.4
7500000 71.2
7600000 69.8
7700000 72.4
7800000 73.8
7900000 76.2
8000000 77.2
8100000 77.8
8200000 80.2
8300000 79.6
8400000 81
8500000 82
8600000 83
8700000 82.8
8800000 84.2
8900000 84.8
9000000 86
9100000 86.8
9200000 88
9300000 87.8
9400000 90.8
9500000 94.8
9600000 91.4
9700000 92.4
9800000 95.6
9900000 93.8
10000000 95.4
