100000 1.8
200000 3.8
300000 5.8
400000 7.8
500000 9.8
600000 11.4
700000 14
800000 15.8
900000 18
1000000 20
1100000 21.4
1200000 23.8
1300000 25.6
1400000 28
1500000 30.4
1600000 32
1700000 34
1800000 35.8
1900000 38.2
2000000 40.4
2100000 41.8
2200000 44.2
2300000 46
2400000 48.4
2500000 50.4
2600000 52.2
2700000 54.2
2800000 57.6
2900000 58.2
3000000 61
3100000 62.8
3200000 64
3300000 66
3400000 68.2
3500000 71
3600000 73.6
3700000 74.6
3800000 77.2
3900000 78.6
4000000 80.6
4100000 84.6
4200000 85
4300000 87
4400000 90.4
4500000 91
4600000 92.8
4700000 95.6
4800000 97.8
4900000 99.2
5000000 102.4
5100000 102.6
5200000 105
5300000 109.4
5400000 109.4
5500000 113.2
5600000 114.6
5700000 114.8
5800000 116.4
5900000 118.8
6000000 122.6
6100000 125.4
6200000 127
6300000 127.4
6400000 129.4
6500000 130.8
6600000 135.8
6700000 137.6
6800000 137.6
6900000 140
7000000 142.4
7100000 145.2
7200000 146.4
7300000 149.2
7400000 149.6
7500000 152.4
7600000 156.4
7700000 158.2
7800000 160.6
7900000 162.6
8000000 162.8
8100000 165.8
8200000 166
8300000 172
8400000 173
8500000 173.2
8600000 177.8
8700000 176.2
8800000 180.4
8900000 180.2
9000000 185.2
9100000 185.8
9200000 188.2
9300000 188.4
9400000 191
9500000 194
9600000 194.2
9700000 197.2
9800000 202
9900000 202.2
10000000 204.6
