100000 0
200000 1.4
300000 2
400000 3.2
500000 4
600000 5.4
700000 8
800000 6.4
900000 7
1000000 8
1100000 9
1200000 10
1300000 10.8
1400000 11
1500000 12.4
1600000 13
1700000 14
1800000 15
1900000 15.6
2000000 16.2
2100000 17.4
2200000 18
2300000 19
2400000 20
2500000 21
2600000 21.4
2700000 22
2800000 23
2900000 24
3000000 25
3100000 25.6
3200000 26.2
3300000 27
3400000 28.2
3500000 29.2
3600000 30
3700000 30.6
3800000 31.2
3900000 32.2
4000000 33.2
4100000 34.2
4200000 35
4300000 35.8
4400000 36.2
4500000 37.2
4600000 38
4700000 39
4800000 39.6
4900000 40.6
5000000 41.6
5100000 42
5200000 43
5300000 43.8
5400000 44.8
5500000 45.8
5600000 46.2
5700000 47
5800000 48
5900000 48.8
6000000 49.8
6100000 50.4
6200000 51.2
6300000 52
6400000 53
6500000 54
6600000 55
6700000 55.8
6800000 57.8
6900000 57
7000000 58
7100000 59
7200000 59.4
7300000 61
7400000 62
7500000 62
7600000 63
7700000 63.6
7800000 64.6
7900000 65.4
8000000 66.4
8100000 67.2
8200000 68
8300000 68.6
8400000 69.6
8500000 70
8600000 71.2
8700000 72.2
8800000 72.6
8900000 74
9000000 74.6
9100000 75.4
9200000 76
9300000 77
9400000 77.6
9500000 78.6
9600000 79.2
9700000 80.2
9800000 81
9900000 82.2
10000000 83.2
